555.928 536.511 331.87
539.965 548.8 312.357
110.875 -6.10352e-005 245.444
555.863 525.365 207.323
3.05176e-005 360.98 337.764
336.89 0 267.617
0 376.167 178.825
554.935 366.21 351.467
464.401 521.499 559.2
495 548.8 541.081
394.242 288.73 430.607
333.162 275.522 559.2
433.18 289.333 418.285
551.216 294.649 559.2
553.04 294.525 558.238
554.753 334.899 313.128
554.347 265.368 0.502533
6.10352e-005 167.287 38.8656
430.276 6.10352e-005 200.958
381.725 548.8 154.073
390.511 311.811 257.076
-3.05176e-005 191.9 8.73633
553.72 157.791 98.6736
3.05176e-005 325.12 76.6683
365.433 429.701 559.2
0 100.628 56.3452
268.695 6.10352e-005 429.5
240.003 443.632 559.2
524.895 548.8 282.715
1.52588e-005 359.066 331.83
555.666 491.47 77.7937
3.05176e-005 337.96 485.351
0 356.129 210.75
367.407 330 350.253
224.375 487.546 559.2
426.071 334.965 559.2
93.2865 -6.10352e-005 481.032
92.637 83.4234 228.164
253.097 6.10352e-005 408.661
288.408 195.869 372.435
274.271 141.879 559.2
291.299 0 431.719
300.922 157.941 413.296
554.751 369.27 411.616
303.624 526.558 559.2
120.75 165 133.002
285.444 419.705 559.2
177.391 0 514.962
142.822 42.0602 559.2
-3.05176e-005 531.669 258.851
555.493 461.878 212.74
553.747 348.652 545.08
382.099 548.8 485.827
357.703 330 353.869
555.706 498.361 390.028
19.5146 0 369.233
-3.05176e-005 257.159 47.2352
553.393 299.439 506.679
555.54 469.925 120.995
555.714 499.798 458.506
75.9388 74.9072 559.2
126.562 7.62939e-006 380.511
21.7894 398.498 559.2
102.394 548.8 460.001
-7.62939e-006 373.397 318.786
0 435.382 281.308
555.04 384.121 272.277
0 313.544 294.377
553.731 279.937 407.827
555.74 504.267 435.282
534.207 186.83 559.2
432.561 107.54 418.481
241.027 165 245.419
249.957 455.337 559.2
301.485 548.8 206.666
2.20663 0 417.381
0 4.84004 415.626
1.52588e-005 432.848 342.438
198 165 138.064
56.8123 548.8 189.491
138.535 0 292.181
1.52588e-005 213.26 364.002
85.4775 79.6712 213.408
59.1945 525.035 559.2
86.2934 548.8 542.394
0 284.549 509.757
555.812 516.512 223.467
3.05176e-005 548.492 551.42
-3.05176e-005 146.15 67.8538
74.4347 -1.52588e-005 101.613
101.736 548.8 164.795
533.271 6.10352e-005 59.322
457.103 455.293 559.2
424.311 330 400.681
475.821 392.219 559.2
365.599 0 78.0331
395.237 187.495 559.2
377.627 482.267 559.2
0 333.984 475.137
555.559 473.246 244.181
555.763 508.095 140.426
300.441 132.214 559.2
494.348 0 504.203
505.943 11.1733 559.2
207.982 367.788 559.2
238.779 548.8 518.718
0 180.428 419.374
360.835 383.453 559.2
0 306.601 541.201
213.749 338.699 559.2
212.08 165 123.216
60.03 548.8 334.809
554.66 319.016 279.943
296.891 525.387 559.2
417.154 548.8 410.157
552.846 245.382 492.063
154.946 447.138 559.2
328.85 -6.10352e-005 25.3873
239.378 548.7 270.848
554.777 339.114 186.783
555.34 435.661 177.177
217.93 0 455.368
265.377 248.684 559.2
178.929 172.349 559.2
299.469 214.408 408.552
301.14 246.394 559.2
270.306 444.697 559.2
-3.05176e-005 455.604 365.048
555.152 403.334 328.544
377.022 330 399.39
41.6516 548.8 269.991
255.614 432.302 559.2
0 242.979 205.376
-1.52588e-005 405.663 170.948
-3.05176e-005 323.512 188.672
555.084 391.735 200.863
555.304 429.408 275.411
434.158 330 408.438
427.212 548.8 438.509
276.634 319.292 333.989
144.171 548.8 344.757
555.906 532.624 299.864
0 520.225 273.345
555.265 422.816 363.382
390.214 330 330.042
555.325 433.035 46.2376
3.05176e-005 509.98 374.009
295.326 330 304.62
332.446 548.8 535.094
555.013 379.545 255.806
555.819 517.684 378.077
107.643 418.464 559.2
0 274.528 479.252
555.489 461.119 340.025
0 502.974 148.472
553.003 194.219 360.24
349.7 330 397.127
366.921 548.8 313.698
0 466.919 248.73
247.411 165 150.174
0 175.832 13.1954
552.369 22.6343 121.427
475.036 -6.10352e-005 53.2153
124.105 484.042 559.2
241.208 357.924 559.2
-1.52588e-005 466.507 64.0386
554.793 341.857 213.752
-3.05176e-005 548.476 415.249
229.622 540.564 559.2
228.763 548.8 555.991
555.197 472.28 543.595
0 426.036 97.2165
0 484.415 360.657
328.831 350.282 559.2
503.628 6.10352e-005 107.485
0 319.421 208.432
360.681 330 309.375
490.478 548.8 163.26
493.625 -6.10352e-005 83.9416
555.952 540.563 212.573
0 496.481 432.447
555.319 431.971 137.4
0 415.435 106.167
209.151 165 100.268
285.352 494.839 559.2
276.595 548.8 549.713
270.386 529.037 559.2
555.74 504.151 316.871
411.063 290.683 559.2
406.889 265.405 426.605
477.709 329.92 559.2
288.025 348.148 559.2
3.05176e-005 91.4737 346.79
-3.05176e-005 500.808 473.151
555.462 456.591 212.656
552.923 74.7928 130.887
5.35828 0 82.8662
-4.76837e-007 5.59474 82.6302
207.913 318.389 559.2
0 397.198 368.489
119.274 431.583 559.2
554.449 282.877 185.896
555.591 478.584 11.118
555.725 501.663 191.423
462.679 548.8 109.219
554.325 261.547 266.136
553.993 204.6 21.2486
70.0774 536.243 559.2
-7.62939e-006 511.874 543.913
554.662 319.356 58.2353
239.64 396.265 559.2
1.77374 0 366.37
0 24.094 357.668
339.952 446.328 559.2
466.135 548.8 502.958
555.346 437.123 445.932
135.354 99.5964 559.2
392.812 548.8 383.651
0 272.501 296.877
281.593 115.715 350.181
309.354 107.173 559.2
217.368 7.62939e-006 499.681
316.296 548.8 549.969
119.87 165 169.004
3.05176e-005 437.228 470.008
80.0974 370.32 559.2
212.555 165 221.342
392.565 548.8 55.5041
383.502 0 146.31
553.204 121.165 176.239
552.664 259.415 552.405
0 469.168 303.196
407.57 330 283.341
399.127 548.8 346.864
555.804 515.122 56.9945
225.488 311.263 559.2
1.52588e-005 471.789 335.029
17.752 246.858 559.2
207.598 548.8 418.763
144.3 392.447 559.2
552.662 142.364 314.166
554.619 311.956 200.88
-6.10352e-005 371.273 103.829
13.6837 548.8 243.307
126.585 7.85498 238.263
462.466 90.0564 559.2
0 143.949 415.541
0 70.2247 453.59
231.304 81.69 269.413
1.52588e-005 532.817 357.084
20.0004 548.8 346.701
47.6838 0 524.359
31.9604 11.7384 559.2
8.32644 0 512.759
9.53674e-007 39.921 534.067
555.225 461.418 516.482
553.086 49.1377 8.54071
555.287 426.595 4.4615
159.295 3.05176e-005 6.44419
555.288 426.616 8.36508
0 171.197 77.6495
3.05176e-005 432.628 529.525
539.243 490.658 559.2
459.193 313.179 410.053
55.5338 157.797 559.2
284.263 84.9905 358.898
244.39 29.6997 258.128
243.439 1.90735e-006 273.359
555.485 460.513 408.535
1.52588e-005 318.918 316.464
181.147 245.541 559.2
0 509.882 102.276
23.4713 6.10352e-005 464.957
0 452.511 421.134
26.687 530.336 559.2
553.069 130.845 219.614
554.527 420.018 554.129
0 387.995 519.01
0 268.681 367.05
360.169 548.8 180.353
555.192 410.246 61.2355
128.809 165 172.218
0 297.593 247.065
299.551 177.855 285.285
259.752 131.026 209.583
480.439 0 245.466
490.984 338.91 559.2
299.496 199.915 285.302
258.926 63.5829 212.195
555.116 397.177 59.0681
319.918 330 327.092
555.789 512.702 300.806
225.734 165 267.498
-1.52588e-005 459.832 167.059
215.582 264.77 559.2
0 479.144 233.919
554.89 358.385 298.313
218.404 165 255.906
110.811 548.8 401.845
-7.62939e-006 474.148 299.348
341.801 433.484 559.2
3.05176e-005 490.631 206.444
0 71.6768 169.389
290.454 0 546.942
-3.05176e-005 396.197 197.349
536.449 282.294 559.2
1.52588e-005 542.543 83.8129
174.26 490.385 559.2
119.899 6.10352e-005 357.348
322.63 548.8 386.599
58.4048 -6.10352e-005 343.744
22.0961 493.957 559.2
1.90735e-006 536.396 505.423
554.82 346.391 56.6085
340.717 330 413.993
498.959 374.91 559.2
532.836 548.8 432.783
183.897 522.274 559.2
555.368 440.481 318.332
0 439.389 280.212
555.928 536.457 536.398
0 178.773 517.537
0 516.241 290.081
297.047 0 157.39
284.3 25.2473 132.013
324.914 1.90735e-006 99.6037
45.3638 436.64 559.2
277.772 85.9872 337.704
191.897 115.024 257.691
93.6875 7.62939e-006 388.344
68.7003 548.8 372.893
171.324 346.08 559.2
0 467.517 274.01
0 502.09 129.939
0 497.211 147.349
226.186 0 498.479
551.975 191.13 533.67
-3.05176e-005 540.808 186.195
69.4117 0 3.50397
128.968 120.724 68.4405
0 81.6655 149.741
184.936 6.10352e-005 419.595
304.028 74.0202 423.437
3.05176e-005 93.2794 363.299
31.572 387.577 559.2
1.90735e-006 403.947 528.271
54.0381 412.367 559.2
555.915 534.243 23.4332
442.211 536.092 559.2
-3.05176e-005 295.162 163.777
349.989 495.834 559.2
91.9095 108.563 227.948
109.481 548.8 482.201
193.471 524.559 559.2
307.112 499.79 559.2
344.09 548.8 478.7
0 349.406 464.776
391.099 334.348 559.2
117.668 548.8 277.552
1.52588e-005 502.635 118.45
554.54 298.421 269.13
-3.05176e-005 243.993 483.793
288.151 167.974 559.2
292.296 75.1462 385.129
75.0303 -7.62939e-006 371.066
0 124.009 131.539
554.599 308.507 139.59
